a=[2 3 4;5 6 7; 7 8 4]
b=[3 4 5 ;6 5 4;5 4 3]
  a+b=
  
