a=5
b=a+6
c=5+9
a=[3 5 6;7 8 5;6 5 4]